0,0,0,0,0
0,250,75,50,0
0,80,80,80,160
0,0,0,0,0
26.363
0,0,0,0,0
0,250,75,50,0
80,160,80,80,160
0,0,0,0,0
26.358
0,0,0,0,0
0,250,75,50,0
0,80,160,0,0
0,0,0,160,80
26.35
0,0,0,0,0
0,250,75,50,0
160,160,160,0,240
0,0,0,0,0
26.347
0,0,0,0,0
0,250,75,50,0
160,80,240,160,160
0,0,0,0,0
26.344
0,0,0,0,0
0,250,75,50,0
160,80,80,80,0
0,0,0,0,160
26.34
0,0,0,0,0
0,250,75,50,0
160,160,240,80,160
0,0,0,0,0
26.306
0,0,0,0,0
0,250,75,50,0
240,160,240,0,80
0,0,0,0,0
26.285
0,0,0,0,0
0,250,75,50,0
240,80,240,0,0
0,0,0,240,0
26.277
0,0,0,0,0
0,250,75,50,0
80,240,240,240,160
0,0,0,0,0
26.257
Lowest Time
0,0,0,0,0
0,250,75,50,0
80,240,240,240,160
0,0,0,0,0
26.257